1 10
100 200
201 210
900 1000
1 999999
1 1
2 2
3 3
10 1
200 100
210 201
1000 900
3162 319
247 21947
4271 4124
212 231
22 222
523 1432
3423 412565
1241 4215
5251 5145
1 24820
1 100
2 372
341 4214
2145 6432
1234 255553
213 5827
416491 124
999999 1
5 5
100 100
461241 451
2471 12492
6 3472
64124 2
7418 21
42364 147189
23 14729
63 2174
1      1
2     5
2134     42
2182 3291
2222 102
82102 128
171218 250707
185808 737727
8972 8972
835666 437579
410138 313644
340842 891249
287589 644109
832430 379258
125301 791407
336997 963600
52695 169158
446397 563054
664869 879638
731224 817366
511129 896619
735575 767807
391383 869129
17029 544341
491983 757806
156900 377177
65381 205817
74022 350641
690786 52970
741924 214
54641  6464
8789 87463
54487 1235
4843 23487
218654 231
4847 123
4113 21
184 123
2654 543
5478 21631
544238 543674
54649 84765
4579 46423
487 4649
6499 4643
4216 679894
46487 2135
41367 89743
64797 16489
4977 49474
46979 46949
5874 547
68974 2487
647763 4857
4147 4164
979 97123
46787 79
4216 7941
494743 25897
4949 482
